[[[[ 0.13252735  0.16284253  0.18187639 ... -0.1861204  -0.17769256
    -0.0951507 ]
   [ 0.09267471  0.1463321   0.13130084 ... -0.08816133 -0.0536727
     0.02623847]
   [ 0.07135298  0.09190634  0.05323291 ...  0.08760523  0.14619112
     0.17694882]
   ...
   [ 0.01015163  0.11882377  0.15488893 ...  0.30367523  0.2696395
     0.27889627]
   [-0.00197392  0.09915861  0.14435224 ...  0.326648    0.296745
     0.30296883]
   [-0.00794928  0.09154927  0.14608814 ...  0.3375232   0.31650764
     0.31781828]]

  [[ 0.03928082  0.05923669  0.06198214 ... -0.37063074 -0.3425812
    -0.27502534]
   [ 0.05722461  0.10900616  0.1156541  ... -0.27176085 -0.28307202
    -0.24513032]
   [ 0.06307448  0.08938457  0.08288182 ... -0.23459806 -0.2066017
    -0.17835858]
   ...
   [-0.00744956  0.00713646  0.01433939 ...  0.0052835  -0.01127893
    -0.03063202]
   [ 0.03712895  0.07126276  0.0795633  ...  0.02522983  0.02361494
    -0.0022117 ]
   [ 0.08120681  0.13357645  0.1459638  ...  0.04782832  0.04371725
     0.04687435]]

  [[ 0.04771383  0.06925865  0.08197962 ...  0.14625305  0.14859366
     0.05880203]
   [ 0.06966681  0.11488327  0.10032026 ...  0.02603354  0.01138898
     0.02893209]
   [ 0.1056901   0.14424902  0.11276123 ... -0.01905288 -0.01435862
     0.02429564]
   ...
   [ 0.03893149  0.01951681  0.00632397 ...  0.00858749 -0.0120279
    -0.02167012]
   [ 0.03559352 -0.00944944  0.00042363 ...  0.01983664  0.01666074
     0.01809074]
   [ 0.0248735  -0.02847698 -0.02316017 ...  0.02150375  0.0226787
     0.01194588]]

  ...

  [[ 0.05597631  0.05995113  0.05251641 ...  0.02161904  0.01396444
    -0.09485892]
   [ 0.06397489  0.04678066  0.04223876 ... -0.09692445 -0.05743432
    -0.11295909]
   [ 0.0313612   0.02129465  0.0225038  ... -0.20755593 -0.19920938
    -0.2268472 ]
   ...
   [-0.13881211 -0.11537025 -0.13889875 ... -0.08234886 -0.07028409
    -0.10431319]
   [-0.12205276 -0.09053496 -0.15377016 ... -0.07307199 -0.07369779
    -0.10643259]
   [-0.08777746 -0.03821259 -0.09900454 ... -0.00594504  0.00381078
    -0.07757887]]

  [[ 0.10607053  0.11107419  0.09542222 ... -0.11670008 -0.07620271
     0.10023206]
   [ 0.00081798 -0.03650029 -0.08170507 ... -0.1207323  -0.11814973
    -0.08897813]
   [-0.11540853 -0.12262733 -0.1670366  ... -0.1175305  -0.03052171
    -0.06400117]
   ...
   [-0.07189523 -0.12552595 -0.17912322 ... -0.02903038 -0.02069654
     0.03255713]
   [-0.04252286 -0.12520498 -0.15870419 ...  0.01872378  0.02005793
     0.08340392]
   [-0.03808142 -0.12673439 -0.1618571  ...  0.02695614  0.01164482
     0.04396227]]

  [[-0.04563936 -0.03117018 -0.03437161 ...  0.11685361  0.09130272
     0.18394552]
   [ 0.01862876 -0.00598954  0.01005559 ...  0.17283076  0.22022428
     0.22686462]
   [-0.02247986  0.00751433  0.02411076 ...  0.11510129  0.16530834
     0.21367006]
   ...
   [ 0.04551399  0.03138247  0.03372262 ...  0.01782941  0.09538621
     0.13715087]
   [ 0.06654748  0.06183277  0.0709967  ...  0.01935272  0.06611579
     0.10998815]
   [ 0.08081978  0.04766245  0.05165972 ...  0.01082085  0.03729836
     0.09869996]]]]