[0.4509696960449219, 0.34665894508361816, 0.3185765743255615, 0.3456590175628662, 0.34297919273376465, 0.3377561569213867, 0.32489895820617676, 0.36415624618530273, 0.3352854251861572, 0.3436274528503418, 0.3346092700958252, 0.3550400733947754, 0.3536837100982666, 0.31590867042541504, 0.34806251525878906, 0.33838462829589844, 0.36916089057922363, 0.3478095531463623, 0.3799729347229004, 0.3416316509246826]
[0.41071200370788574, 0.32840728759765625, 0.340085506439209, 0.3671905994415283, 0.385387659072876, 0.3386857509613037, 0.39191651344299316, 0.34372687339782715, 0.3681190013885498, 0.3596322536468506, 0.3330802917480469, 0.34339237213134766, 0.3748781681060791, 0.36267971992492676, 0.4437065124511719, 0.3613245487213135, 0.327176570892334, 0.35100817680358887, 0.3661837577819824, 0.3665425777435303]
[0.44046735763549805, 0.3203907012939453, 0.32726550102233887, 0.3692917823791504, 0.3293287754058838, 0.3331434726715088, 0.3623671531677246, 0.3523237705230713, 0.3509202003479004, 0.34805798530578613, 0.3293297290802002, 0.3361985683441162, 0.3486485481262207, 0.34355807304382324, 0.33371472358703613, 0.36867761611938477, 0.3586430549621582, 0.3612174987792969, 0.36683201789855957, 0.35694360733032227]
4 threads 7.045468330383301



initial [7.168990135192871, 6.952150583267212, 6.948229074478149, 7.053492069244385, 7.02000880241394]
4 threads [6.961595773696899, 6.724655628204346, 6.785353899002075, 6.645678997039795, 6.715324401855469]



2threads [6.826294183731079, 6.8877174854278564, 6.693147897720337, 6.661222219467163, 6.782445907592773]
8 threads[6.93762993812561, 6.744700193405151, 6.897373676300049, 6.694470167160034, 6.79979944229126]


Tum
67.07970714569092 8 threads
67.74183583259583 4 threads
68.60498332977295 2 threads
70.29918241500854 initial

Kitti
87.75003552436829 8 threads
90.03069639205933 4 threads
94.02738809585571 2 threads
95.75153255462646 initial