[[[[4.3121839e-04 8.4093859e-04 6.3434971e-04 ... 1.4857446e-07
    6.8929069e-07 1.7492364e-07]
   [1.3248125e-04 1.3268289e-04 3.1639528e-04 ... 4.9028840e-05
    1.7890937e-04 1.4650205e-05]
   [2.7131962e-04 5.3979905e-04 7.2250440e-04 ... 5.3529904e-05
    1.2750932e-04 1.3552962e-05]
   ...
   [6.0863520e-05 1.5636670e-04 1.6954182e-04 ... 3.8795755e-04
    4.6716991e-04 1.0325635e-03]
   [3.8291029e-05 7.6552096e-04 3.0426471e-04 ... 4.0196587e-04
    3.0582235e-04 4.4226841e-04]
   [4.6643563e-05 3.3790749e-03 3.2823666e-03 ... 9.0174016e-04
    8.4077875e-04 1.2701119e-03]]]]